Random Vibration Analysis
0.0 3.1830988618379074e-05
6.283185307179586 3.1830976052013415e-05
12.566370614359172 3.183093835297599e-05
18.84955592153876 3.183087552144537e-05
25.132741228718345 3.1830787557719254e-05
31.41592653589793 3.18306744622143e-05
37.69911184307752 3.183053623546632e-05
43.982297150257104 3.1830372878130105e-05
50.26548245743669 3.183018439097951e-05
56.548667764616276 3.182997077490742e-05
62.83185307179586 3.1829732030925714e-05
69.11503837897544 3.182946816016533e-05
75.39822368615503 3.1829179163876134e-05
81.68140899333463 3.1828865043427034e-05
87.96459430051421 3.182852580030585e-05
94.24777960769379 3.182816143611937e-05
100.53096491487338 3.182777195259331e-05
106.81415022205297 3.182735735157229e-05
113.09733552923255 3.182691763501979e-05
119.38052083641213 3.1826452805018195e-05
125.66370614359172 3.1825962863768684e-05
131.94689145077132 3.1825447813591264e-05
138.23007675795088 3.182490765692472e-05
144.51326206513048 3.18243423963266e-05
150.79644737231007 3.182375203447316e-05
157.07963267948966 3.182313657415935e-05
163.36281798666926 3.182249601829879e-05
169.64600329384882 3.182183036992371e-05
175.92918860102841 3.182113963218495e-05
182.212373908208 3.182042380835186e-05
188.49555921538757 3.181968290181235e-05
194.77874452256717 3.181891691607276e-05
201.06192982974676 3.181812585475787e-05
207.34511513692635 3.1817309721610884e-05
213.62830044410595 3.181646852049331e-05
219.9114857512855 3.181560225538496e-05
226.1946710584651 3.18147109303839e-05
232.4778563656447 3.1813794549706406e-05
238.76104167282426 3.181285311768689e-05
245.04422698000386 3.181188663877789e-05
251.32741228718345 3.181089511754996e-05
257.610597594363 3.1809878558691685e-05
263.89378290154264 3.1808836967009545e-05
270.1769682087222 3.180777034742795e-05
276.46015351590177 3.18066787049891e-05
282.7433388230814 3.180556204485297e-05
289.02652413026095 3.180442037229725e-05
295.3097094374406 3.180325369271724e-05
301.59289474462014 3.180206201162586e-05
307.8760800517997 3.1800845334653514e-05
314.1592653589793 3.1799603667548056e-05
320.4424506661589 3.179833701617472e-05
326.7256359733385 3.179704538651607e-05
333.0088212805181 3.179572878467187e-05
339.29200658769764 3.1794387216859075e-05
345.57519189487726 3.179302068941173e-05
351.85837720205683 3.1791629208780904e-05
358.1415625092364 3.17902127815346e-05
364.424747816416 3.178877141435769e-05
370.7079331235956 3.1787305114051834e-05
376.99111843077515 3.178581388753539e-05
383.27430373795477 3.1784297741843366e-05
389.55748904513433 3.178275668412727e-05
395.84067435231395 3.178119072165511e-05
402.1238596594935 3.1779599861811253e-05
408.4070449666731 3.1777984112096336e-05
414.6902302738527 3.177634348012721e-05
420.97341558103227 3.177467797363683e-05
427.2566008882119 3.177298760047418e-05
433.53978619539146 3.177127236860414e-05
439.822971502571 3.176953228610745e-05
446.10615680975064 3.176776736118057e-05
452.3893421169302 3.176597760213561e-05
458.6725274241098 3.176416301740021e-05
464.9557127312894 3.176232361551746e-05
471.23889803846896 3.17604594051458e-05
477.5220833456485 3.17585703950589e-05
483.80526865282815 3.175665659414559e-05
490.0884539600077 3.175471801140969e-05
496.37163926718733 3.175275465597001e-05
502.6548245743669 3.1750766537060123e-05
508.93800988154646 3.174875366402836e-05
515.221195188726 3.1746716046337624e-05
521.5043804959057 3.174465369356535e-05
527.7875658030853 3.17425666154033e-05
534.0707511102648 3.174045482165755e-05
540.3539364174444 3.1738318322248315e-05
546.637121724624 3.173615712720984e-05
552.9203070318035 3.17339712466903e-05
559.2034923389832 3.173176069095166e-05
565.4866776461628 3.172952547036957e-05
571.7698629533423 3.172726559543325e-05
578.0530482605219 3.1724981076745346e-05
584.3362335677015 3.172267192502182e-05
590.6194188748811 3.172033815109182e-05
596.9026041820607 3.171797976589756e-05
603.1857894892403 3.171559678049418e-05
609.4689747964198 3.1713189206049644e-05
615.7521601035994 3.1710757053844574e-05
622.0353454107791 3.170830033527214e-05
628.3185307179587 3.170581906183793e-05
